cookie: _gid=GA1.2.1370804244.1667988717; _fbp=fb.1.1667988716795.1876884509; cookie-consent=%7B%22functional%22:true,%22analytics%22:true,%22marketing%22:true%7D; language=en; filter_properties=%7B%22city%22:%22Amsterdam%22,%22radius%22:0,%22address%22:%22%22,%22priceRental%22:%7B%22min%22:0,%22max%22:0%7D,%22availablefrom%22:%222022-12-01T00:00:00.000Z%22,%22surface%22:%22%22,%22rooms%22:0,%22typeCategory%22:%22%22%7D; _ga_K3TX4YS4NW=GS1.1.1667988716.1.1.1667990151.0.0.0; _ga=GA1.2.1949774207.1667988717
min: 15
max: 25